0,0
0,4
0,16
0,25
0,28
0,37
0,43
0,53
0,58
0,66
0,74
0,82
0,91
0,95
0,2
0,10
1,16
1,31
1,36
1,45
1,54
1,60
1,67
1,74
1,78
1,85
1,88
1,5
1,11
1,19
1,33
1,39
2,43
2,57
2,66
2,76
2,85
2,90
2,95
2,4
2,11
2,20
2,27
2,35
2,44
2,54
2,62
2,71
3,77
3,86
3,96
3,2
3,6
3,11
3,19
3,28
3,40
3,59
3,66
3,75
3,83
3,94
3,4
3,16
4,20
4,30
4,31
4,34
4,42
4,53
4,62
4,72
4,81
4,91
4,98
4,3
4,11
4,19
4,30
4,37
5,46
5,53
5,66
5,68
5,74
5,82
5,93
5,3
5,16
5,24
5,29
5,40
5,46
5,57
5,64
5,71
6,79
6,84
6,89
6,95
6,10
6,19
6,30
6,40
6,43
6,56
6,62
6,71
6,77
6,85
6,96
6,4
7,11
7,25
7,34
7,50
7,58
7,64
7,72
7,79
7,89
7,97
7,6
7,20
7,24
7,35
7,40
7,48
8,51
8,58
8,65
8,73
8,81
8,88
8,94
8,1
8,7
8,17
8,27
8,29
8,37
8,49
8,56
8,65
9,73
9,86
9,95
9,4
9,12
9,15
9,23
9,33
9,42
9,51
9,62
9,73
9,80
9,91
9,98
9,10
10,16
10,23
10,31
10,36
10,47
10,60
10,65
10,73
10,78
10,86
10,94
10,5
10,17
10,26
10,35
10,44
11,52
11,64
11,71
11,84
11,92
11,2
11,8
11,21
11,30
11,40
11,48
11,54
11,62
11,72
11,80
11,90
12,97
12,4
12,9
12,20
12,32
12,40
12,44
12,53
12,60
12,74
12,82
12,96
12,7
12,12
12,22
12,35
13,44
13,50
13,59
13,62
13,73
13,80
13,91
13,2
13,11
13,21
13,33
13,44
13,53
13,61
13,66
13,75
14,79
14,87
14,98
14,6
14,17
14,26
14,32
14,37
14,41
14,48
14,55
14,68
14,78
14,93
14,2
14,9
15,16
15,30
15,38
15,45
15,57
15,66
15,70
15,83
15,94
15,1
15,10
15,16
15,24
15,32
15,40
15,48
16,55
16,61
16,67
16,70
16,81
16,87
16,98
16,8
16,16
16,29
16,37
16,42
16,56
16,62
16,72
16,80
17,88
17,99
17,8
17,17
17,24
17,32
17,37
17,43
17,52
17,62
17,67
17,80
17,85
17,93
17,5
17,17
18,27
18,32
18,41
18,46
18,56
18,63
18,68
18,72
18,80
18,89
18,94
18,98
18,2
18,11
18,20
18,24
19,33
19,42
19,46
19,53
19,64
19,69
19,75
19,84
19,94
19,97
19,5
19,10
19,18
19,25
19,29
19,39
20,48
20,53
20,63
20,70
20,79
20,89
20,96
20,4
20,15
20,24
20,26
20,32
20,42
20,57
20,65
20,75
21,82
21,90
21,2
21,9
21,21
21,27
21,35
21,43
21,53
21,60
21,67
21,75
21,85
21,90
21,96
21,7
22,17
22,25
22,34
22,39
22,45
22,55
22,64
22,76
22,83
22,91
22,95
22,0
22,11
22,19
22,23
22,27
23,37
23,49
23,53
23,60
23,66
23,69
23,77
23,80
23,88
23,0
23,10
23,22
23,28
23,33
23,42
23,53
24,60
24,68
24,77
24,85
24,94
24,98
24,3
24,14
24,23
24,30
24,41
24,48
24,62
24,73
24,81
24,87
25,96
25,0
25,4
25,7
25,14
25,21
25,29
25,41
25,44
25,55
25,60
25,69
25,76
25,81
25,93
25,5
26,15
26,23
26,30
26,38
26,46
26,51
26,58
26,65
26,71
26,82
26,90
26,94
26,98
26,5
26,10
26,13
27,21
27,28
27,36
27,46
27,53
27,63
27,68
27,76
27,79
27,86
27,94
27,5
27,11
27,24
27,26
27,34
28,37
28,45
28,49
28,51
28,63
28,68
28,76
28,85
28,95
28,3
28,12
28,21
28,34
28,42
28,47
28,60
29,63
29,73
29,80
29,89
29,95
29,2
29,9
29,13
29,24
29,40
29,52
29,55
29,59
29,63
29,73
29,81
30,91
30,1
30,12
30,27
30,36
30,49
30,54
30,67
30,72
30,84
30,90
30,3
30,19
30,29
30,35
30,41
31,50
31,55
31,65
31,74
31,81
31,88
31,1
31,11
31,18
31,29
31,34
31,40
31,47
31,52
31,58
31,62
32,65
32,75
32,86
32,98
32,4
32,16
32,23
32,30
32,35
32,39
32,46
32,59
32,67
32,77
32,84
32,85
33,91
33,97
33,7
33,10
33,20
33,32
33,42
33,59
33,65
33,74
33,78
33,90
33,96
33,6
33,12
33,15
34,20
34,24
34,33
34,39
34,45
34,56
34,65
34,72
34,79
34,90
34,0
34,11
34,17
34,25
34,34
34,41
35,47
35,55
35,63
35,69
35,78
35,83
35,86
35,90
35,96
35,5
35,12
35,22
35,27
35,40
35,46
35,58
36,68
36,79
36,90
36,97
36,3
36,12
36,25
36,35
36,50
36,58
36,65
36,69
36,77
36,85
36,94
36,7
37,14
37,21
37,34
37,40
37,45
37,57
37,63
37,73
37,79
37,84
37,94
37,99
37,2
37,9
37,16
37,28
38,36
38,46
38,52
38,58
38,64
38,73
38,80
38,90
38,0
38,7
38,16
38,24
38,37
38,48
38,55
38,59
39,65
39,71
39,79
39,87
39,97
39,5
39,10
39,17
39,22
39,33
39,40
39,46
39,57
39,65
39,73
39,85
40,1
40,10
40,23
40,31
40,37
40,48
40,55
40,62
40,67
40,78
40,90
40,5
40,18
40,23
40,31
40,37
41,50
41,56
41,65
41,76
41,82
41,91
41,97
41,3
41,10
41,18
41,27
41,37
41,46
41,52
41,56
41,64
42,67
42,76
42,87
42,93
42,0
42,5
42,15
42,30
42,34
42,41
42,49
42,59
42,69
42,77
42,85
42,93
43,3
43,12
43,19
43,27
43,31
43,50
43,55
43,64
43,75
43,85
43,93
43,0
43,11
43,18
43,21
43,31
44,40
44,45
44,51
44,61
44,66
44,71
44,80
44,86
44,94
44,95
44,6
44,15
44,18
44,25
44,33
44,44
45,45
45,48
45,53
45,61
45,66
45,72
45,82
45,89
45,97
45,9
45,14
45,17
45,30
45,37
45,46
45,52
46,55
46,62
46,73
46,79
46,89
46,99
46,6
46,12
46,18
46,24
46,32
46,43
46,50
46,56
46,63
46,67
47,72
47,76
47,86
47,95
47,3
47,9
47,21
47,29
47,37
47,43
47,51
47,57
47,62
47,70
47,79
47,85
48,93
48,2
48,9
48,14
48,21
48,29
48,35
48,40
48,51
48,58
48,68
48,71
48,81
48,83
48,89
48,0
49,8
49,15
49,23
49,33
49,37
49,44
49,49
49,57
49,71
49,81
49,90
49,97
49,5
49,10
49,16
49,23
50,35
50,41
50,51
50,61
50,68
50,72
50,80
50,87
50,93
50,0
50,9
50,17
50,27
50,38
50,45
50,55
51,59
51,70
51,80
51,88
51,92
51,99
51,6
51,21
51,32
51,46
51,53
51,65
51,74
51,85
51,94
51,2
52,14
52,21
52,25
52,31
52,41
52,47
52,56
52,65
52,75
52,84
52,90
52,99
52,5
52,8
52,19
52,28
53,34
53,39
53,50
53,58
53,63
53,73
53,79
53,92
53,98
53,7
53,15
53,26
53,36
53,44
53,51
53,59
54,66
54,75
54,83
54,89
54,98
54,10
54,17
54,23
54,33
54,37
54,43
54,52
54,57
54,69
54,79
54,89
55,97
55,8
55,13
55,22
55,28
55,37
55,47
55,50
55,54
55,62
55,73
55,76
55,90
55,98
55,4
55,17
56,22
56,31
56,40
56,52
56,57
56,70
56,75
56,80
56,87
56,91
56,94
56,96
56,6
56,18
56,22
56,27
57,32
57,42
57,51
57,58
57,65
57,71
57,80
57,86
57,95
57,5
57,16
57,23
57,29
57,40
57,44
57,46
58,55
58,64
58,70
58,78
58,88
58,98
58,11
58,15
58,26
58,36
58,43
58,50
58,58
58,67
58,70
58,76
59,85
59,95
59,1
59,7
59,20
59,28
59,41
59,52
59,57
59,61
59,68
59,75
59,79
59,87
59,91
59,96
60,3
60,12
60,24
60,29
60,32
60,39
60,48
60,54
60,63
60,68
60,75
60,82
60,89
60,99
60,7
60,20
61,29
61,38
61,44
61,56
61,66
61,72
61,80
61,88
61,2
61,11
61,17
61,24
61,33
61,45
61,52
61,57
62,65
62,77
62,91
62,98
62,7
62,14
62,21
62,28
62,32
62,43
62,51
62,61
62,68
62,74
62,86
62,90
63,96
63,5
63,11
63,19
63,23
63,26
63,33
63,37
63,42
63,51
63,62
63,76
63,84
63,94
63,2
63,15
64,24
64,31
64,36
64,43
64,51
64,59
64,62
64,74
64,82
64,86
64,96
64,97
64,5
64,11
64,19
64,28
65,40
65,46
65,56
65,64
65,73
65,79
65,86
65,96
65,1
65,6
65,11
65,24
65,34
65,41
65,48
65,56
66,61
66,69
66,74
66,77
66,85
66,91
66,5
66,15
66,19
66,25
66,32
66,48
66,56
66,64
66,72
66,79
67,87
67,2
67,11
67,15
67,24
67,33
67,39
67,51
67,53
67,63
67,68
67,74
67,81
67,86
67,90
67,99
68,6
68,15
68,23
68,29
68,36
68,40
68,49
68,54
68,58
68,61
68,67
68,75
68,83
68,96
68,4
68,12
69,18
69,25
69,34
69,40
69,45
69,52
69,58
69,63
69,73
69,90
69,1
69,8
69,17
69,23
69,30
69,38
70,45
70,56
70,62
70,70
70,82
70,90
70,95
70,8
70,20
70,30
70,37
70,42
70,50
70,56
70,66
70,75
71,80
71,89
71,96
71,0
71,6
71,18
71,20
71,22
71,34
71,43
71,54
71,65
71,72
71,87
71,1
71,9
72,14
72,21
72,27
72,34
72,41
72,49
72,60
72,70
72,82
72,93
72,1
72,8
72,15
72,23
72,33
72,40
73,50
73,61
73,74
73,76
73,82
73,92
73,2
73,8
73,12
73,23
73,33
73,41
73,48
73,60
73,71
73,85
74,93
74,3
74,14
74,20
74,30
74,37
74,42
74,51
74,55
74,64
74,77
74,83
74,89
74,95
74,6
74,16
75,23
75,27
75,33
75,41
75,44
75,51
75,62
75,66
75,78
75,82
75,90
75,2
75,3
75,7
75,12
75,20
76,27
76,32
76,40
76,45
76,58
76,66
76,74
76,84
76,92
76,0
76,8
76,14
76,22
76,27
76,32
76,42
77,48
77,60
77,69
77,77
77,82
77,85
77,92
77,94
77,4
77,11
77,19
77,29
77,39
77,47
77,54
77,59
78,67
78,76
78,86
78,94
78,1
78,8
78,14
78,21
78,27
78,38
78,55
78,69
78,79
78,87
78,98
78,13
79,23
79,35
79,41
79,52
79,62
79,74
79,81
79,87
79,99
79,6
79,13
79,20
79,28
79,40
79,48
79,60
80,67
80,77
80,86
80,91
80,95
80,5
80,11
80,14
80,23
80,29
80,38
80,46
80,55
80,71
80,74
80,81
81,89
81,1
81,7
81,15
81,29
81,34
81,43
81,50
81,57
81,62
81,70
81,79
81,83
81,94
81,0
81,9
82,21
82,28
82,35
82,47
82,57
82,61
82,70
82,82
82,89
82,98
82,5
82,8
82,15
82,21
82,31
82,33
83,40
83,45
83,50
83,59
83,71
83,79
83,87
83,94
83,3
83,8
83,14
83,25
83,30
83,37
83,49
83,60
84,72
84,81
84,94
84,99
84,6
84,18
84,29
84,40
84,45
84,54
84,66
84,72
84,79
84,84
84,95
84,6
85,19
85,29
85,39
85,45
85,54
85,65
85,71
85,81
85,86
85,97
85,5
85,15
85,25
85,30
85,34
85,38
86,45
86,48
86,52
86,65
86,70
86,74
86,88
86,1
86,11
86,20
86,25
86,30
86,39
86,47
86,57
86,65
87,71
87,80
87,90
87,96
87,7
87,11
87,20
87,27
87,34
87,42
87,47
87,57
87,66
87,72
87,76
87,87
88,91
88,96
88,2
88,15
88,20
88,26
88,39
88,46
88,57
88,66
88,74
88,89
88,0
88,11
88,17
88,23
89,31
89,36
89,41
89,45
89,55
89,69
89,78
89,84
89,88
89,99
89,6
89,13
89,26
89,37
89,42
89,47
90,54
90,62
90,72
90,75
90,80
90,85
90,94
90,97
90,3
90,16
90,26
90,35
90,43
90,50
90,59
90,70
91,85
91,91
91,96
91,1
91,7
91,14
91,21
91,31
91,36
91,47
91,57
91,66
91,75
91,83
91,88
91,95
92,3
92,13
92,26
92,39
92,44
92,49
92,54
92,63
92,76
92,88
92,96
92,7
92,12
92,18
92,28
92,37
93,45
93,59
93,70
93,75
93,82
93,85
93,94
93,9
93,17
93,22
93,29
93,35
93,44
93,50
93,54
93,63
94,73
94,81
94,88
94,96
94,6
94,15
94,21
94,28
94,35
94,43
94,48
94,63
94,69
94,72
94,82
94,88
95,92
95,0
95,14
95,21
95,30
95,37
95,49
95,53
95,57
95,60
95,64
95,75
95,82
95,88
95,92
95,0
96,8
96,16
96,25
96,36
96,44
96,55
96,64
96,69
96,78
96,83
96,86
96,91
96,99
96,7
96,12
96,18
97,32
97,39
97,47
97,57
97,61
97,71
97,78
97,87
97,98
97,8
97,18
97,25
97,28
97,35
97,42
97,51
98,59
98,64
98,75
98,79
98,86
98,95
98,0
98,9
98,18
98,35
98,41
98,48
98,56
98,63
98,74
98,82
99,95
99,1
99,8
99,16
99,24
99,31
99,39
99,46
99,50
99,58
99,67
99,73
99,81
99,88
99,92
99,99
